./positive/2024-12-14 13:09:18.329300.jpg 1 518 233 461 424
./positive/2024-12-14 13:09:18.359777.jpg 1 518 233 461 424
./positive/2024-12-14 13:09:18.392921.jpg 1 518 233 461 424
./positive/2024-12-14 13:09:18.426281.jpg 1 518 233 461 424
./positive/2024-12-14 13:09:18.460451.jpg 1 518 233 461 424
./positive/2024-12-14 13:09:18.493014.jpg 1 518 233 461 424
./positive/2024-12-14 13:09:18.526401.jpg 1 518 233 461 424
./positive/2024-12-14 13:09:18.559834.jpg 1 518 233 461 424
./positive/2024-12-14 13:09:18.592817.jpg 1 518 233 461 424
./positive/2024-12-14 13:09:18.626152.jpg 0
./positive/2024-12-14 13:09:18.659708.jpg 1 518 233 461 424
./positive/2024-12-14 13:09:18.693401.jpg 1 518 233 461 424
./positive/2024-12-14 13:09:18.726090.jpg 1 518 233 461 424
./positive/2024-12-14 13:09:18.758880.jpg 1 518 233 461 424
./positive/2024-12-14 13:09:18.792046.jpg 0
./positive/2024-12-14 13:09:18.825311.jpg 1 518 233 461 424
./positive/2024-12-14 13:09:18.859445.jpg 1 518 233 461 424
./positive/2024-12-14 13:09:18.892973.jpg 1 518 233 461 424
./positive/2024-12-14 13:09:18.926624.jpg 0
./positive/2024-12-14 13:09:18.959364.jpg 1 518 233 461 424
./positive/2024-12-14 13:09:18.993444.jpg 1 518 233 461 424
./positive/2024-12-14 13:09:19.026114.jpg 1 518 233 461 424
./positive/2024-12-14 13:09:19.059285.jpg 0
./positive/2024-12-14 13:09:19.092698.jpg 3 518 233 461 424 518 233 461 424 518 233 461 424
./positive/2024-12-14 13:09:19.126129.jpg 1 518 233 461 424
./positive/2024-12-14 13:09:19.159949.jpg 1 518 233 461 424
./positive/2024-12-14 13:09:19.192668.jpg 1 518 233 461 424
./positive/2024-12-14 13:09:19.226328.jpg 1 518 233 461 424
./positive/2024-12-14 13:09:19.259326.jpg 1 518 233 461 424
./positive/2024-12-14 13:09:19.292611.jpg 1 518 233 461 424
./positive/2024-12-14 13:09:19.325792.jpg 1 518 233 461 424
./positive/2024-12-14 13:09:19.359296.jpg 1 518 233 461 424
./positive/2024-12-14 13:09:19.393143.jpg 1 518 233 461 424
./positive/2024-12-14 13:09:19.425513.jpg 1 518 233 461 424
./positive/2024-12-14 13:09:19.459408.jpg 1 518 233 461 424
./positive/2024-12-14 13:09:19.492427.jpg 1 518 233 461 424
./positive/2024-12-14 13:09:19.525717.jpg 1 518 233 461 424
./positive/2024-12-14 13:09:19.562576.jpg 1 518 233 461 424
./positive/2024-12-14 13:09:19.592617.jpg 1 518 233 461 424
./positive/2024-12-14 13:09:19.626539.jpg 1 518 233 461 424
./positive/2024-12-14 13:09:19.658974.jpg 1 518 233 461 424
./positive/2024-12-14 13:09:19.692718.jpg 1 518 233 461 424
./positive/2024-12-14 13:09:19.725888.jpg 1 518 233 461 424
./positive/2024-12-14 13:09:19.759173.jpg 1 518 233 461 424
./positive/2024-12-14 13:09:19.792358.jpg 1 518 233 461 424
./positive/2024-12-14 13:09:19.825970.jpg 1 518 233 461 424
./positive/2024-12-14 13:09:19.859709.jpg 1 518 233 461 424
./positive/2024-12-14 13:09:19.892548.jpg 1 518 233 461 424
./positive/2024-12-14 13:09:19.926514.jpg 1 518 233 461 424
./positive/2024-12-14 13:09:19.959120.jpg 1 518 233 461 424
./positive/2024-12-14 13:09:19.992248.jpg 1 518 233 461 424
./positive/2024-12-14 13:09:20.025740.jpg 1 518 233 461 424
./positive/2024-12-14 13:09:20.059199.jpg 1 518 233 461 424
./positive/2024-12-14 13:09:20.093301.jpg 1 518 233 461 424
./positive/2024-12-14 13:09:20.125534.jpg 1 518 233 461 424
./positive/2024-12-14 13:09:20.161105.jpg 1 518 233 461 424
./positive/2024-12-14 13:09:20.192198.jpg 1 518 233 461 424
./positive/2024-12-14 13:09:20.225691.jpg 1 518 233 461 424
./positive/2024-12-14 13:09:20.259121.jpg 1 518 233 461 424
./positive/2024-12-14 13:09:20.292841.jpg 1 518 233 461 424
./positive/2024-12-14 13:09:20.326691.jpg 1 518 233 461 424
./positive/2024-12-14 13:09:20.358969.jpg 1 518 233 461 424
./positive/2024-12-14 13:09:20.392392.jpg 1 518 233 461 424
./positive/2024-12-14 13:09:20.425445.jpg 1 518 233 461 424
./positive/2024-12-14 13:09:20.459230.jpg 1 518 233 461 424
./positive/2024-12-14 13:09:20.492762.jpg 1 518 233 461 424
./positive/2024-12-14 13:09:20.525761.jpg 1 518 233 461 424
./positive/2024-12-14 13:09:20.559847.jpg 1 518 233 461 424
./positive/2024-12-14 13:09:20.592360.jpg 1 518 233 461 424
./positive/2024-12-14 13:09:20.626395.jpg 1 518 233 461 424
./positive/2024-12-14 13:09:20.658839.jpg 1 518 233 461 424
./positive/2024-12-14 13:09:20.692218.jpg 1 518 233 461 424
./positive/2024-12-14 13:09:20.725600.jpg 1 518 233 461 424
./positive/2024-12-14 13:09:20.758970.jpg 1 518 233 461 424
./positive/2024-12-14 13:09:20.792674.jpg 1 518 233 461 424
./positive/2024-12-14 13:09:20.825649.jpg 1 518 233 461 424
./positive/2024-12-14 13:09:20.859109.jpg 1 518 233 461 424
./positive/2024-12-14 13:09:20.892323.jpg 1 518 233 461 424
./positive/2024-12-14 13:09:20.925594.jpg 1 518 233 461 424
./positive/2024-12-14 13:09:20.958850.jpg 1 518 233 461 424
./positive/2024-12-14 13:09:20.992403.jpg 1 518 233 461 424
./positive/2024-12-14 13:09:21.026326.jpg 1 518 233 461 424
./positive/2024-12-14 13:09:21.058931.jpg 1 518 233 461 424
./positive/2024-12-14 13:09:21.092473.jpg 1 518 233 461 424
./positive/2024-12-14 13:09:21.125503.jpg 1 518 233 461 424
./positive/2024-12-14 13:09:21.158741.jpg 1 518 233 461 424
./positive/2024-12-14 13:09:21.192148.jpg 1 518 233 461 424
./positive/2024-12-14 13:09:21.225632.jpg 1 518 233 461 424
./positive/2024-12-14 13:09:21.259523.jpg 1 518 233 461 424
./positive/2024-12-14 13:09:21.292184.jpg 1 518 233 461 424
./positive/2024-12-14 13:09:21.325637.jpg 1 518 233 461 424
./positive/2024-12-14 13:09:21.358837.jpg 1 518 233 461 424
